2.018859624862671,3.876422166824341,-59.003055572509766,-0.12064774334430695,0.03222844377160072,-0.0003332678461447358,1.4419247855936268,-1.8119189320974423,2.3012135763603934,-2.0561723917181176,-1.5725453642862393,1.441270440587613
2.018859624862671,3.876422166824341,-59.003055572509766,-0.12064774334430695,0.03222844377160072,-0.0003332678461447358,1.4419247855936268,-1.8119189320974423,2.3012135763603934,-2.0561723917181176,-1.5725453642862393,1.441270440587613
2.084031581878662,3.7626256942749023,-58.81170654296875,-0.12017298489809036,0.03194276988506317,-0.0006634444580413401,1.4419247855936268,-1.8119189320974423,2.3012135763603934,-2.0561723917181176,-1.5725453642862393,1.441270440587613
2.084031581878662,3.7626256942749023,-58.81170654296875,-0.12017298489809036,0.03194276988506317,-0.0006634444580413401,1.4419247855936268,-1.8119189320974423,2.3012135763603934,-2.0561723917181176,-1.5725453642862393,1.441270440587613
2.0875089168548584,3.8701136112213135,-58.82444381713867,-0.11988590657711029,0.03230474516749382,-0.001296032452955842,1.4419247855936268,-1.8119189320974423,2.3012135763603934,-2.0561723917181176,-1.5725615669583117,1.441270440587613
2.1172988414764404,4.0649213790893555,-59.23344802856445,-0.12045606970787048,0.03323124349117279,-0.0019728958141058683,1.4419247855936268,-1.8119189320974423,2.3012135763603934,-2.0561723917181176,-1.5725615669583117,1.441270440587613
2.11529541015625,4.0147786140441895,-59.22731399536133,-0.1205877736210823,0.033056262880563736,-0.001679464359767735,1.4419247855936268,-1.8119189320974423,2.3012135763603934,-2.0561723917181176,-1.5725615669583117,1.441270440587613
2.0947012901306152,3.6945831775665283,-58.81995391845703,-0.11792383342981339,0.033221691846847534,-0.0019699258264154196,1.4419247855936268,-1.8119189320974423,2.3012135763603934,-2.0561723917181176,-1.5725615669583117,1.441270440587613
2.0947012901306152,3.6945831775665283,-58.81995391845703,-0.11792383342981339,0.033221691846847534,-0.0019699258264154196,1.4419247855936268,-1.8118949636476316,2.3012135763603934,-2.0561723917181176,-1.5725453642862393,1.441270440587613
2.097105026245117,3.753171920776367,-58.8271484375,-0.11777030676603317,0.0334271565079689,-0.002312507014721632,1.4419247855936268,-1.8118949636476316,2.3012135763603934,-2.0561723917181176,-1.5725453642862393,1.441270440587613
2.176281690597534,4.04025936126709,-59.02752685546875,-0.11858585476875305,0.034220267087221146,-0.002875789301469922,1.4419247855936268,-1.8118949636476316,2.3012135763603934,-2.0561723917181176,-1.5725453642862393,1.441270440587613
2.1731324195861816,3.956941843032837,-59.017425537109375,-0.11880574375391006,0.0339324027299881,-0.0023874356411397457,1.4419247855936268,-1.8118949636476316,2.3012135763603934,-2.0561723917181176,-1.5725453642862393,1.441270440587613
2.195500373840332,3.7673428058624268,-59.04949188232422,-0.11746060848236084,0.03498131036758423,-0.0011076866649091244,1.4419247855936268,-1.8118949636476316,2.3012135763603934,-2.0561723917181176,-1.5725453642862393,1.441270440587613
2.195500373840332,3.7673428058624268,-59.04949188232422,-0.11746060848236084,0.03498131036758423,-0.0011076866649091244,1.4419247855936268,-1.8118949636476316,2.3012135763603934,-2.0561723917181176,-1.5725453642862393,1.441270440587613
2.2025351524353027,3.9191417694091797,-59.06853485107422,-0.11706751585006714,0.03552661091089249,-0.0019917553290724754,1.4419247855936268,-1.8118949636476316,2.3012135763603934,-2.0561723917181176,-1.5725453642862393,1.441270440587613
2.174762487411499,3.996077060699463,-59.10966491699219,-0.11795081198215485,0.034095630049705505,-0.0018622302450239658,1.4419247855936268,-1.8118949636476316,2.3012135763603934,-2.0561723917181176,-1.5725453642862393,1.441270440587613
2.168205499649048,3.860738515853882,-59.09254455566406,-0.11829961836338043,0.03360488638281822,-0.0010752732632681727,1.4419247855936268,-1.8118949636476316,2.3012041487701347,-2.0561723917181176,-1.5725615669583117,1.441270440587613
2.132120132446289,3.7751173973083496,-56.531089782714844,-0.11858204752206802,0.03852274641394615,-0.0009026560583151877,1.4419247855936268,-1.8118949636476316,2.3012041487701347,-2.0561723917181176,-1.5725615669583117,1.441270440587613
2.132120132446289,3.7751173973083496,-56.531089782714844,-0.11858204752206802,0.03852274641394615,-0.0009026560583151877,1.4419247855936268,-1.8118949636476316,2.3012041487701347,-2.0561723917181176,-1.5725615669583117,1.441270440587613
2.1316421031951904,3.7586569786071777,-56.52916717529297,-0.11862632632255554,0.03846818953752518,-0.0008055444923229516,1.4419247855936268,-1.8118949636476316,2.3012041487701347,-2.0561723917181176,-1.5725615669583117,1.441270440587613
2.116081476211548,3.8207502365112305,-52.785797119140625,-0.11563074588775635,0.04001099616289139,-0.001781160943210125,1.4419247855936268,-1.8118949636476316,2.3012041487701347,-2.0561723917181176,-1.5725453642862393,1.441270440587613
2.1148695945739746,3.747934341430664,-52.777732849121094,-0.1158318743109703,0.03978414461016655,-0.001347618643194437,1.4419247855936268,-1.8118949636476316,2.3012041487701347,-2.0561723917181176,-1.5725453642862393,1.441270440587613
1.8761963844299316,3.7465484142303467,-48.34587478637695,-0.10995181649923325,0.03746996447443962,-0.0010731769725680351,1.4419247855936268,-1.8118949636476316,2.3012041487701347,-2.0561723917181176,-1.5725453642862393,1.441270440587613
1.8761963844299316,3.7465484142303467,-48.34587478637695,-0.10995181649923325,0.03746996447443962,-0.0010731769725680351,1.4419247855936268,-1.8118949636476316,2.3012041487701347,-2.0561723917181176,-1.5725453642862393,1.441270440587613
1.8764296770095825,3.770591974258423,-48.34845733642578,-0.10988444089889526,0.0375421904027462,-0.001217062002979219,1.4419247855936268,-1.8118949636476316,2.3012041487701347,-2.0561723917181176,-1.5725615669583117,1.441270440587613
1.9504594802856445,3.670703411102295,-44.68782424926758,-0.10119618475437164,0.03641034662723541,-0.0007896351744420826,1.4419247855936268,-1.8118949636476316,2.3012041487701347,-2.0561723917181176,-1.5725615669583117,1.441270440587613
1.9513959884643555,3.5374772548675537,-44.67462921142578,-0.10158248245716095,0.03604592755436897,1.7396283510606736e-05,1.4419247855936268,-1.8118949636476316,2.3012041487701347,-2.0561723917181176,-1.5725615669583117,1.441270440587613
1.9513959884643555,3.5374772548675537,-44.67462921142578,-0.10158248245716095,0.03604592755436897,1.7396283510606736e-05,1.4419247855936268,-1.8118949636476316,2.3012041487701347,-2.0561723917181176,-1.5725615669583117,1.441270440587613
1.6449224948883057,3.5773494243621826,-40.81909942626953,-0.09490224719047546,0.031430888921022415,0.0006227085832506418,1.4419247855936268,-1.8118949636476316,2.3012041487701347,-2.0561723917181176,-1.5725615669583117,1.441270440587613
1.6518912315368652,3.444281578063965,-40.80891036987305,-0.09532313793897629,0.031163768842816353,0.00145519629586488,1.4419247855936268,-1.8118949636476316,2.3012041487701347,-2.0561723917181176,-1.5725615669583117,1.441270440587613
1.6403475999832153,3.1642072200775146,-36.782833099365234,-0.08726613223552704,0.03048853389918804,0.00011733242718037218,1.4419247855936268,-1.8118949636476316,2.3012041487701347,-2.0561723917181176,-1.5725615669583117,1.441270440587613
1.6403475999832153,3.1642072200775146,-36.782833099365234,-0.08726613223552704,0.03048853389918804,0.00011733242718037218,1.4419247855936268,-1.8118949636476316,2.3012041487701347,-2.0561723917181176,-1.5725615669583117,1.441270440587613
1.6403475999832153,3.1642072200775146,-36.782833099365234,-0.08726613223552704,0.03048853389918804,0.00011733242718037218,1.4419247855936268,-1.811870995197821,2.3012135763603934,-2.0561723917181176,-1.5725453642862393,1.441270440587613
1.3921476602554321,3.4106409549713135,-33.27499771118164,-0.08271808922290802,0.026994802057743073,-0.0007842434570193291,1.4419247855936268,-1.811870995197821,2.3012135763603934,-2.0561723917181176,-1.5725453642862393,1.441270440587613
1.397937536239624,3.3471908569335938,-33.271358489990234,-0.08293311297893524,0.02690703794360161,-0.00037649160367436707,1.4419247855936268,-1.811870995197821,2.3012135763603934,-2.0561723917181176,-1.5725453642862393,1.441270440587613
1.213699221611023,2.98264217376709,-30.168603897094727,-0.07686784118413925,0.02462008409202099,-0.0012898615095764399,1.4419247855936268,-1.811870995197821,2.3012135763603934,-2.0561723917181176,-1.5725453642862393,1.441270440587613
1.223809838294983,2.9012398719787598,-30.16526222229004,-0.07715928554534912,0.024550560861825943,-0.0007549988804385066,1.4419247855936268,-1.811870995197821,2.3012135763603934,-2.0561723917181176,-1.5725615669583117,1.441270440587613
1.223809838294983,2.9012398719787598,-30.16526222229004,-0.07715928554534912,0.024550560861825943,-0.0007549988804385066,1.4419247855936268,-1.811870995197821,2.3012135763603934,-2.0561723917181176,-1.5725615669583117,1.441270440587613
1.1560152769088745,2.8217148780822754,-26.873197555541992,-0.07176341116428375,0.023660875856876373,-0.0004919767961837351,1.4419247855936268,-1.811870995197821,2.3012135763603934,-2.0561723917181176,-1.5725615669583117,1.441270440587613
1.1620951890945435,2.7823843955993652,-26.872173309326172,-0.07191116362810135,0.023646468296647072,-0.00022831973910797387,1.4419247855936268,-1.811870995197821,2.3012135763603934,-2.0561723917181176,-1.5725615669583117,1.441270440587613
1.1834574937820435,2.734639883041382,-23.855430603027344,-0.06506490707397461,0.021795591339468956,-0.00029435649048537016,1.4419247855936268,-1.811870995197821,2.3012135763603934,-2.0561723917181176,-1.5725453642862393,1.441270440587613
1.1856359243392944,2.7217326164245605,-23.855186462402344,-0.06511445343494415,0.021793805062770844,-0.0002070299378829077,1.4419247855936268,-1.811870995197821,2.3012135763603934,-2.0561723917181176,-1.5725453642862393,1.441270440587613
1.1856359243392944,2.7217326164245605,-23.855186462402344,-0.06511445343494415,0.021793805062770844,-0.0002070299378829077,1.4419247855936268,-1.811870995197821,2.3012135763603934,-2.0561723917181176,-1.5725453642862393,1.441270440587613
1.0681755542755127,2.738590955734253,-21.392972946166992,-0.0612272210419178,0.02022894285619259,-7.594080670969561e-05,1.4419247855936268,-1.811870995197821,2.3012135763603934,-2.0561723917181176,-1.5725453642862393,1.441270440587613
1.0869333744049072,2.6450233459472656,-21.39266586303711,-0.061603669077157974,0.02026359923183918,0.0005700970068573952,1.4419247855936268,-1.811870995197821,2.3012135763603934,-2.0561723917181176,-1.5725453642862393,1.441270440587613
0.831698477268219,2.359715700149536,-19.004728317260742,-0.05600709095597267,0.016586245968937874,-0.00043929388630203903,1.4419247855936268,-1.811870995197821,2.3012135763603934,-2.0561723917181176,-1.5725453642862393,1.441270440587613
0.8388997912406921,2.3297955989837646,-19.005226135253906,-0.056134458631277084,0.016616644337773323,-0.00022744260786566883,1.4419247855936268,-1.811870995197821,2.3012135763603934,-2.0561723917181176,-1.5725453642862393,1.441270440587613
0.8388997912406921,2.3297955989837646,-19.005226135253906,-0.056134458631277084,0.016616644337773323,-0.00022744260786566883,1.4419247855936268,-1.811870995197821,2.3012135763603934,-2.0561723917181176,-1.5725453642862393,1.441270440587613
0.8523774743080139,2.2416999340057373,-16.672548294067383,-0.05058962479233742,0.01557470764964819,2.5937199097825214e-05,1.4419247855936268,-1.8118470267480102,2.3012135763603934,-2.0561723917181176,-1.5725453642862393,1.441270440587613
0.845176100730896,2.271620273590088,-16.67205047607422,-0.0504622608423233,0.01554430928081274,-0.0001859140902524814,1.4419247855936268,-1.8118230582981996,2.3012135763603934,-2.056156189046045,-1.5725615669583117,1.441270440587613
0.6879181861877441,2.1620798110961914,-14.722929000854492,-0.04548819735646248,0.013563346117734909,-0.00025701592676341534,1.4419247855936268,-1.8118230582981996,2.3012135763603934,-2.056156189046045,-1.5725615669583117,1.441270440587613
0.704387366771698,2.097093105316162,-14.724418640136719,-0.045769646763801575,0.013642662204802036,0.00020675043924711645,1.4419247855936268,-1.8118230582981996,2.3012135763603934,-2.056156189046045,-1.5725615669583117,1.441270440587613
0.704387366771698,2.097093105316162,-14.724418640136719,-0.045769646763801575,0.013642662204802036,0.00020675043924711645,1.4419247855936268,-1.8117990898483889,2.301223003950652,-2.056156189046045,-1.5725453642862393,1.441270440587613
0.5856701731681824,2.008347988128662,-12.991432189941406,-0.042197175323963165,0.011940854601562023,-7.741289664409123e-06,1.4419247855936268,-1.8117990898483889,2.301223003950652,-2.056156189046045,-1.5725453642862393,1.441270440587613
0.6099514961242676,1.9300793409347534,-12.995427131652832,-0.04256197437644005,0.01210776623338461,0.0005702755879610777,1.4419247855936268,-1.8117990898483889,2.301223003950652,-2.056156189046045,-1.5725453642862393,1.441270440587613
0.5390114784240723,1.5209189653396606,-11.044506072998047,-0.03540368750691414,0.010064360685646534,-0.0008539438131265342,1.4419247855936268,-1.8117990898483889,2.301223003950652,-2.056156189046045,-1.5725453642862393,1.441270440587613
0.5446984767913818,1.5047943592071533,-11.04566764831543,-0.03548282012343407,0.010109738446772099,-0.0007318652933463454,1.4419247855936268,-1.8117990898483889,2.301223003950652,-2.056156189046045,-1.5725615669583117,1.441270440587613
0.5446984767913818,1.5047943592071533,-11.04566764831543,-0.03548282012343407,0.010109738446772099,-0.0007318652933463454,1.4419247855936268,-1.8117990898483889,2.301223003950652,-2.056156189046045,-1.5725615669583117,1.441270440587613
0.5521543622016907,1.642120361328125,-9.524697303771973,-0.034129463136196136,0.00943072885274887,-0.00046489338274113834,1.4419247855936268,-1.8117990898483889,2.301223003950652,-2.056156189046045,-1.5725615669583117,1.441270440587613
0.59213787317276,1.5453020334243774,-9.534563064575195,-0.034638505429029465,0.009796904399991035,0.000293662742478773,1.4419247855936268,-1.8117990898483889,2.301223003950652,-2.056156189046045,-1.5725615669583117,1.441270440587613
0.6229283809661865,1.3656649589538574,-8.023015975952148,-0.029910674318671227,0.009810635820031166,0.00020811165450140834,1.4419247855936268,-1.8117990898483889,2.301223003950652,-2.056156189046045,-1.5725615669583117,1.441270440587613
0.6418128609657288,1.3276405334472656,-8.028464317321777,-0.030129075050354004,0.010005524381995201,0.0005199552979320288,1.4419247855936268,-1.8117990898483889,2.301223003950652,-2.056156189046045,-1.5725615669583117,1.441270440587613
0.6418128609657288,1.3276405334472656,-8.028464317321777,-0.030129075050354004,0.010005524381995201,0.0005199552979320288,1.4419247855936268,-1.8117990898483889,2.301223003950652,-2.056156189046045,-1.5725615669583117,1.441270440587613
0.5156209468841553,1.1283619403839111,-6.892040729522705,-0.024962643161416054,0.00853339210152626,-5.762619366578292e-06,1.4419247855936268,-1.8117990898483889,2.301223003950652,-2.056156189046045,-1.5725615669583117,1.441270440587613
0.5383176207542419,1.0875259637832642,-6.899088382720947,-0.02521122619509697,0.008781476877629757,0.0003397146356292069,1.4419247855936268,-1.8117751213985782,2.301223003950652,-2.056156189046045,-1.5725615669583117,1.441270440587613
0.36502695083618164,0.8466198444366455,-5.784570693969727,-0.022193480283021927,0.005645198747515678,-9.573554416419938e-05,1.4419247855936268,-1.8117751213985782,2.301223003950652,-2.056156189046045,-1.5725615669583117,1.441270440587613
0.36502695083618164,0.8466198444366455,-5.784570693969727,-0.022193480283021927,0.005645198747515678,-9.573554416419938e-05,1.4419247855936268,-1.8117751213985782,2.301223003950652,-2.056156189046045,-1.5725615669583117,1.441270440587613
0.3729340434074402,0.8334647417068481,-5.787136077880859,-0.022277018055319786,0.005734678823500872,1.816547410271596e-05,1.4419247855936268,-1.8117751213985782,2.301223003950652,-2.056156189046045,-1.5725615669583117,1.441270440587613
0.2427433580160141,0.697372555732727,-5.064228534698486,-0.01946856454014778,0.004955298267304897,-0.00025882257614284754,1.4419247855936268,-1.8117511529487675,2.301223003950652,-2.056156189046045,-1.5725615669583117,1.441270440587613
0.22455912828445435,0.7284231781959534,-5.058411121368408,-0.019274167716503143,0.004751789383590221,-0.0005255701253190637,1.4419247855936268,-1.8117511529487675,2.301223003950652,-2.056156189046045,-1.5725615669583117,1.441270440587613
0.2796768546104431,0.7287263870239258,-4.765368938446045,-0.018347686156630516,0.00467569287866354,-0.000697827897965908,1.4419247855936268,-1.8117511529487675,2.301223003950652,-2.056156189046045,-1.5725615669583117,1.441270440587613
0.2796768546104431,0.7287263870239258,-4.765368938446045,-0.018347686156630516,0.00467569287866354,-0.000697827897965908,1.4419247855936268,-1.8117511529487675,2.301223003950652,-2.056156189046045,-1.5725615669583117,1.441270440587613
0.32831481099128723,0.6513946652412415,-4.781515598297119,-0.018851295113563538,0.005236317869275808,-1.8825046936399303e-05,1.4419247855936268,-1.8117511529487675,2.301232431540911,-2.056156189046045,-1.5725615669583117,1.441270440587613
0.30331850051879883,0.6086305379867554,-4.646778583526611,-0.015306230634450912,0.005047858227044344,-0.0005333542940206826,1.4419247855936268,-1.8117511529487675,2.301232431540911,-2.056156189046045,-1.5725615669583117,1.441270440587613
0.2836731970310211,0.6377267837524414,-4.640037536621094,-0.015108932740986347,0.004815325606614351,-0.0007947200792841613,1.4419247855936268,-1.8117511529487675,2.301232431540911,-2.056156189046045,-1.5725615669583117,1.441270440587613
0.31379175186157227,0.5804539322853088,-4.34752082824707,-0.01627669483423233,0.0044182417914271355,0.0003085618664044887,1.4419247855936268,-1.8117511529487675,2.301232431540911,-2.056156189046045,-1.5725615669583117,1.441270440587613
0.31379175186157227,0.5804539322853088,-4.34752082824707,-0.01627669483423233,0.0044182417914271355,0.0003085618664044887,1.4419247855936268,-1.8117511529487675,2.301232431540911,-2.056156189046045,-1.5725615669583117,1.441270440587613
0.3305736780166626,0.5554381012916565,-4.3532633781433105,-0.016445694491267204,0.0046164244413375854,0.0005327993421815336,1.4419247855936268,-1.8117511529487675,2.301232431540911,-2.056156189046045,-1.5725615669583117,1.441270440587613
0.3160876929759979,0.5025145411491394,-3.951709747314453,-0.015581557527184486,0.004514428321272135,-0.0008097043610177934,1.4419247855936268,-1.8117511529487675,2.301232431540911,-2.056156189046045,-1.5725615669583117,1.441270440587613
0.3132432699203491,0.5066204071044922,-3.9507229328155518,-0.01555329654365778,0.004480455070734024,-0.0008469025488011539,1.4419247855936268,-1.8117511529487675,2.301232431540911,-2.056156189046045,-1.5725615669583117,1.441270440587613
0.27421480417251587,0.5204170346260071,-3.2216999530792236,-0.012002352625131607,0.003372845472767949,0.001154756871983409,1.4419247855936268,-1.8117511529487675,2.301232431540911,-2.056156189046045,-1.5725615669583117,1.441270440587613
0.27421480417251587,0.5204170346260071,-3.2216999530792236,-0.012002352625131607,0.003372845472767949,0.001154756871983409,1.4419247855936268,-1.8117032160491462,2.301232431540911,-2.0561399863739718,-1.5725615669583117,1.441270440587613
0.27421480417251587,0.5204170346260071,-3.2216999530792236,-0.012002352625131607,0.003372845472767949,0.001154756871983409,1.4419247855936268,-1.8117032160491462,2.301232431540911,-2.0561399863739718,-1.5725615669583117,1.441270440587613
0.20912639796733856,0.3102615773677826,-2.758405923843384,-0.00864650309085846,0.002593973884359002,-0.000790034478995949,1.4419247855936268,-1.8117032160491462,2.301232431540911,-2.0561399863739718,-1.5725615669583117,1.441270440587613
0.23540930449962616,0.27422261238098145,-2.7677206993103027,-0.008902205154299736,0.0029132990166544914,-0.00045776698971167207,1.4419342131838857,-1.8117032160491462,2.301232431540911,-2.0561399863739718,-1.5725615669583117,1.441270440587613
0.22067444026470184,0.16972920298576355,-2.8355424404144287,-0.007160481996834278,0.00282936729490757,-0.0006189525010995567,1.4419342131838857,-1.8117032160491462,2.301232431540911,-2.0561399863739718,-1.5725615669583117,1.441270440587613
0.22067444026470184,0.16972920298576355,-2.8355424404144287,-0.007160481996834278,0.00282936729490757,-0.0006189525010995567,1.4419342131838857,-1.8117032160491462,2.301232431540911,-2.0561399863739718,-1.5725615669583117,1.441270440587613
0.22368963062763214,0.16585178673267365,-2.836637496948242,-0.007189081981778145,0.002866732655093074,-0.000582383363507688,1.4419342131838857,-1.8117032160491462,2.301232431540911,-2.0561399863739718,-1.5725615669583117,1.441270440587613
0.17920349538326263,-0.06516297906637192,-2.5732147693634033,-0.003915499430149794,0.0019065265078097582,-0.0017092429334297776,1.4419342131838857,-1.8116792475993355,2.301232431540911,-2.0561399863739718,-1.5725615669583117,1.441270440587613
0.19769316911697388,-0.08789452165365219,-2.5800364017486572,-0.004087888635694981,0.0021386335138231516,-0.0014912958722561598,1.4419342131838857,-1.8116792475993355,2.301232431540911,-2.0561399863739718,-1.5725615669583117,1.441270440587613
0.20331703126430511,0.1022648736834526,-2.652421236038208,-0.005945941898971796,0.0025721448473632336,-0.0014779862249270082,1.4419342131838857,-1.8116792475993355,2.301232431540911,-2.0561399863739718,-1.5725615669583117,1.441270440587613
0.20331703126430511,0.1022648736834526,-2.652421236038208,-0.005945941898971796,0.0025721448473632336,-0.0014779862249270082,1.4419342131838857,-1.8116792475993355,2.301232431540911,-2.0561399863739718,-1.5725615669583117,1.441270440587613
0.2096320539712906,0.09489074349403381,-2.6547908782958984,-0.0060037062503397465,0.0026525291614234447,-0.0014058962697163224,1.4419342131838857,-1.8116792475993355,2.301232431540911,-2.0561399863739718,-1.5725615669583117,1.441270440587613
-0.04118770733475685,0.2781926691532135,-2.4167420864105225,-0.005226489156484604,0.0013054676819592714,-0.00016129773575812578,1.4419342131838857,-1.8116792475993355,2.301232431540911,-2.0561399863739718,-1.5725615669583117,1.441270440587613
-0.05683295056223869,0.2968183755874634,-2.410907506942749,-0.005082360468804836,0.0011073334608227015,-0.0003420466964598745,1.4419342131838857,-1.8116792475993355,2.301232431540911,-2.0561399863739718,-1.5725615669583117,1.441270440587613
0.21772977709770203,-0.05440760403871536,-2.280973434448242,-0.0033095318358391523,0.0026230320800095797,-0.0016101135406643152,1.4419342131838857,-1.8116792475993355,2.301232431540911,-2.0561399863739718,-1.5725615669583117,1.441270440587613
0.21772977709770203,-0.05440760403871536,-2.280973434448242,-0.0033095318358391523,0.0026230320800095797,-0.0016101135406643152,1.4419342131838857,-1.8116792475993355,2.301232431540911,-2.0561399863739718,-1.5725615669583117,1.441270440587613
0.22082087397575378,-0.05818350240588188,-2.282116413116455,-0.0033382822293788195,0.0026619050186127424,-0.001573823974467814,1.4419342131838857,-1.8116792475993355,2.301232431540911,-2.0561399863739718,-1.5725615669583117,1.441270440587613
0.2222822606563568,0.016379866749048233,-2.220659017562866,-0.004568164702504873,0.0016841389006003737,-0.0003921086899936199,1.4419342131838857,-1.8116792475993355,2.301232431540911,-2.0561399863739718,-1.5725615669583117,1.441270440587613
0.27432045340538025,-0.04058275371789932,-2.240576982498169,-0.00503329373896122,0.0023573695216327906,0.00017901911633089185,1.4419342131838857,-1.8116792475993355,2.301232431540911,-2.0561399863739718,-1.5725615669583117,1.441270440587613
0.15797880291938782,-0.1346447914838791,-2.533280849456787,-0.003662716131657362,0.0016653350321576,-0.0007603532285429537,1.4419342131838857,-1.8116792475993355,2.301232431540911,-2.0561399863739718,-1.5725615669583117,1.441270440587613
0.15797880291938782,-0.1346447914838791,-2.533280849456787,-0.003662716131657362,0.0016653350321576,-0.0007603532285429537,1.4419342131838857,-1.8116792475993355,2.301232431540911,-2.0561399863739718,-1.5725615669583117,1.441270440587613
0.12168073654174805,-0.09618096053600311,-2.5192573070526123,-0.003341904142871499,0.0011921232799068093,-0.0011510815238580108,1.4419342131838857,-1.8116792475993355,2.301232431540911,-2.0561399863739718,-1.5725615669583117,1.441270440587613
0.22422802448272705,-0.045287955552339554,-2.2704412937164307,-0.004012692254036665,0.0022797503042966127,-0.0013969369465485215,1.4419342131838857,-1.8116792475993355,2.301232431540911,-2.0561399863739718,-1.5725615669583117,1.441270440587613
0.22104205191135406,-0.04163895919919014,-2.269238233566284,-0.0039837537333369255,0.002238992601633072,-0.0014328771503642201,1.4419342131838857,-1.8116792475993355,2.301232431540911,-2.0561399863739718,-1.5725615669583117,1.441270440587613
0.22104205191135406,-0.04163895919919014,-2.269238233566284,-0.0039837537333369255,0.002238992601633072,-0.0014328771503642201,1.4419342131838857,-1.8116792475993355,2.301232431540911,-2.0561399863739718,-1.5725615669583117,1.441270440587613
0.18594539165496826,-0.12342265248298645,-2.2510383129119873,-0.004068843089044094,0.0025906746741384268,-0.0022020400501787663,1.4419342131838857,-1.8116792475993355,2.301232431540911,-2.0561399863739718,-1.5725615669583117,1.441270440587613
0.17339123785495758,-0.10857286304235458,-2.2463467121124268,-0.003953464794903994,0.0024314133916050196,-0.0023464993573725224,1.4419342131838857,-1.8116792475993355,2.301232431540911,-2.0561399863739718,-1.5725615669583117,1.441270440587613
0.2336355447769165,0.11372225731611252,-2.217123508453369,-0.0036863081622868776,0.003188116243109107,-0.000541342596989125,1.4419342131838857,-1.8116792475993355,2.301232431540911,-2.0561399863739718,-1.5725615669583117,1.441270440587613
0.2688899636268616,0.0738624855875969,-2.23048734664917,-0.004005048424005508,0.0036405965220183134,-0.000146770165883936,1.4419342131838857,-1.8116792475993355,2.301232431540911,-2.0561399863739718,-1.5725615669583117,1.441270440587613
0.2688899636268616,0.0738624855875969,-2.23048734664917,-0.004005048424005508,0.0036405965220183134,-0.000146770165883936,1.4419342131838857,-1.8116792475993355,2.301232431540911,-2.0561399863739718,-1.5725615669583117,1.441270440587613
0.20058315992355347,0.06044978275895119,-2.1370368003845215,-0.004201571457087994,0.002275382401421666,-6.12715957686305e-05,1.4419342131838857,-1.8116792475993355,2.301232431540911,-2.0561399863739718,-1.5725615669583117,1.441270440587613
0.18749772012233734,0.07458891719579697,-2.132009267807007,-0.004085138440132141,0.0021055671386420727,-0.00020377397595439106,1.4419342131838857,-1.8116792475993355,2.30124185913117,-2.0561399863739718,-1.5725615669583117,1.441270440587613
0.10704120248556137,0.02425975166261196,-2.202613353729248,-0.0032322986517101526,0.0008777909097261727,-0.00030919461278244853,1.4419342131838857,-1.8116792475993355,2.30124185913117,-2.0561399863739718,-1.5725615669583117,1.441270440587613
0.11028410494327545,0.02068689651787281,-2.2038521766662598,-0.003261350328102708,0.0009196793544106185,-0.00027346418937668204,1.4419342131838857,-1.8116792475993355,2.30124185913117,-2.0561399863739718,-1.5725615669583117,1.441270440587613
0.11028410494327545,0.02068689651787281,-2.2038521766662598,-0.003261350328102708,0.0009196793544106185,-0.00027346418937668204,1.4419342131838857,-1.8116792475993355,2.30124185913117,-2.0561399863739718,-1.5725615669583117,1.441270440587613
0.06457818299531937,0.03339448198676109,-2.1197822093963623,-0.0034712464548647404,0.00042537017725408077,5.248149682302028e-05,1.4419342131838857,-1.8116792475993355,2.30124185913117,-2.0561399863739718,-1.5725615669583117,1.441270440587613
0.054906412959098816,0.04418918490409851,-2.1161015033721924,-0.003384204115718603,0.0003008356143254787,-5.4919484682613984e-05,1.4419342131838857,-1.8116792475993355,2.30124185913117,-2.0561399863739718,-1.5725615669583117,1.441270440587613
0.24244429171085358,0.12670207023620605,-2.0072226524353027,-0.005113751627504826,0.0031237350776791573,-0.0005724247312173247,1.4419342131838857,-1.8116792475993355,2.30124185913117,-2.0561399863739718,-1.5725615669583117,1.441270440587613
0.25211605429649353,0.11590736359357834,-2.0109033584594727,-0.005200793966650963,0.003248269436880946,-0.0004650237679015845,1.4419342131838857,-1.8116792475993355,2.30124185913117,-2.0561399863739718,-1.5725615669583117,1.441270440587613
0.25211605429649353,0.11590736359357834,-2.0109033584594727,-0.005200793966650963,0.003248269436880946,-0.0004650237679015845,1.4419342131838857,-1.8116792475993355,2.30124185913117,-2.0561724037023428,-1.5725615669583117,1.441270440587613
0.10656605660915375,-0.02922419272363186,-1.951001524925232,-0.0026738354936242104,0.001831382280215621,-0.0001599179086042568,1.4419342131838857,-1.8116792475993355,2.30124185913117,-2.0561724037023428,-1.5725615669583117,1.441270440587613
0.11972740292549133,-0.043261803686618805,-1.956076979637146,-0.002790419152006507,0.002002705354243517,-1.7695105270831846e-05,1.4419342131838857,-1.8116792475993355,2.30124185913117,-2.0561724037023428,-1.5725615669583117,1.441270440587613
0.0733567327260971,-0.12741820514202118,-1.9797672033309937,-0.0033728396520018578,0.0016550214495509863,0.0003282754623796791,1.4419342131838857,-1.8116792475993355,2.30124185913117,-2.0561724037023428,-1.5725615669583117,1.441270440587613
0.016521528363227844,-0.061050985008478165,-1.9584389925003052,-0.002852959791198373,0.000931561051402241,-0.0003205336688552052,1.4419342131838857,-1.8116792475993355,2.30124185913117,-2.0561724037023428,-1.5725615669583117,1.441270440587613
0.016521528363227844,-0.061050985008478165,-1.9584389925003052,-0.002852959791198373,0.000931561051402241,-0.0003205336688552052,1.4419342131838857,-1.8116792475993355,2.30124185913117,-2.0561724037023428,-1.5725615669583117,1.441270440587613
-0.014233989641070366,-0.02068564109504223,-1.9105561971664429,-0.0019398864824324846,0.00016157903883140534,-0.001365237170830369,1.4419342131838857,-1.8116792475993355,2.30124185913117,-2.0561724037023428,-1.5725615669583117,1.441270440587613
0.04593898728489876,-0.09049881249666214,-1.9331833124160767,-0.0024890063796192408,0.0009288126020692289,-0.0006810470949858427,1.4419342131838857,-1.8116792475993355,2.30124185913117,-2.0561724037023428,-1.5725615669583117,1.441270440587613
0.20914436876773834,-0.13617657124996185,-1.855825662612915,-0.003475774545222521,0.0019859413150697947,0.0003786826564464718,1.4419342131838857,-1.8116792475993355,2.30124185913117,-2.0561724037023428,-1.5725615669583117,1.441270440587613
0.19264525175094604,-0.11869300156831741,-1.8494514226913452,-0.0033299510832875967,0.0017708450322970748,0.0002010789030464366,1.4419436407741446,-1.8116792475993355,2.301321344902329,-2.0561724037023428,-1.5725615669583117,1.441270440587613
0.19264525175094604,-0.11869300156831741,-1.8494514226913452,-0.0033299510832875967,0.0017708450322970748,0.0002010789030464366,1.4419436407741446,-1.8116792475993355,2.301321344902329,-2.0561724037023428,-1.5725615669583117,1.441270440587613
-0.05174386128783226,0.032674167305231094,-2.0576114654541016,-0.0036955566611140966,0.0010072601726278663,-0.0009584616054780781,1.4419436407741446,-1.8116792475993355,2.301321344902329,-2.0561724037023428,-1.5725615669583117,1.441270440587613
-0.05498676002025604,0.03624701872467995,-2.05637264251709,-0.0036665049847215414,0.0009653717279434204,-0.0009941920870915055,1.4419436407741446,-1.8116792475993355,2.301321344902329,-2.0561724037023428,-1.5725615669583117,1.441270440587613
0.05504297837615013,-0.07150393724441528,-1.9412602186203003,-0.0017806816613301635,0.0013455568114295602,-0.0010127515997737646,1.4419436407741446,-1.8116792475993355,2.301321344902329,-2.0561724037023428,-1.5725615669583117,1.441270440587613
0.03598405793309212,-0.04953381419181824,-1.9340788125991821,-0.0016071624122560024,0.0011021416867151856,-0.0012286019045859575,1.4419436407741446,-1.8116792475993355,2.301321344902329,-2.0561724037023428,-1.5725615669583117,1.441270440587613
0.03598405793309212,-0.04953381419181824,-1.9340788125991821,-0.0016071624122560024,0.0011021416867151856,-0.0012286019045859575,1.4419436407741446,-1.8116792475993355,2.301321344902329,-2.0561724037023428,-1.5725615669583117,1.441270440587613
0.20868973433971405,-0.08512989431619644,-1.7849167585372925,-0.00314985029399395,0.0017007801216095686,-0.0018240568460896611,1.4419436407741446,-1.8116792475993355,2.301321344902329,-2.0561724037023428,-1.5725615669583117,1.441270440587613
0.2342534214258194,-0.11422034353017807,-1.7945878505706787,-0.003381510730832815,0.0020283490885049105,-0.0015368155436590314,1.4419436407741446,-1.8116792475993355,2.301321344902329,-2.0561724037023428,-1.5725615669583117,1.441270440587613
0.07365236431360245,-0.0455431267619133,-1.9024990797042847,-0.0027645654045045376,0.0015218367334455252,-0.0005593635723926127,1.4419436407741446,-1.8116792475993355,2.301321344902329,-2.0561724037023428,-1.5725615669583117,1.441270440587613
0.07365236431360245,-0.0455431267619133,-1.9024990797042847,-0.0027645654045045376,0.0015218367334455252,-0.0005593635723926127,1.4419436407741446,-1.8116792475993355,2.301321344902329,-2.0561724037023428,-1.5725615669583117,1.441270440587613
0.032728053629398346,0.002553727012127638,-1.8871732950210571,-0.0023893415927886963,0.0010017876047641039,-0.001028402242809534,1.4419436407741446,-1.8116792475993355,2.301321344902329,-2.0561724037023428,-1.5725615669583117,1.441270440587613
0.054590288549661636,-0.06308557838201523,-1.8464661836624146,-0.0008185504120774567,0.000948950182646513,-0.0005915051442570984,1.4419436407741446,-1.8116792475993355,2.301321344902329,-2.0561724037023428,-1.5725615669583117,1.441270440587613
0.07622797787189484,-0.08951687812805176,-1.8544666767120361,-0.0010198031086474657,0.001221060985699296,-0.00033747812267392874,1.4419436407741446,-1.8116792475993355,2.301321344902329,-2.0561724037023428,-1.5725615669583117,1.441270440587613
0.1984841525554657,-0.03068375214934349,-1.6696557998657227,-0.003539106110110879,0.002875255886465311,-0.000978956464678049,1.4419436407741446,-1.8116792475993355,2.301321344902329,-2.0561724037023428,-1.5725615669583117,1.441270440587613
0.1984841525554657,-0.03068375214934349,-1.6696557998657227,-0.003539106110110879,0.002875255886465311,-0.000978956464678049,1.4419436407741446,-1.8116792475993355,2.301321344902329,-2.0561724037023428,-1.5725615669583117,1.441270440587613
0.20165115594863892,-0.034358128905296326,-1.670846700668335,-0.00356800714507699,0.0029156366363167763,-0.0009429464698769152,1.4419436407741446,-1.8116792475993355,2.301321344902329,-2.0561724037023428,-1.5725615669583117,1.441270440587613
0.14427858591079712,0.07390852272510529,-1.7171906232833862,-0.0033690466079860926,0.0015735496999695897,-0.0010819070739671588,1.4419436407741446,-1.8116792475993355,2.301321344902329,-2.0561724037023428,-1.5725615669583117,1.441270440587613
0.13172444701194763,0.08875831961631775,-1.7124990224838257,-0.0032536685466766357,0.0014142885338515043,-0.0012263664975762367,1.4419436407741446,-1.8116792475993355,2.301321344902329,-2.0561724037023428,-1.5725615669583117,1.441270440587613
0.2024228721857071,0.055790506303310394,-1.783767580986023,-0.00416860356926918,0.002001136774197221,-0.001166174071840942,1.4419436407741446,-1.8116792475993355,2.301321344902329,-2.0561724037023428,-1.5725615669583117,1.441270440587613
0.2024228721857071,0.055790506303310394,-1.783767580986023,-0.00416860356926918,0.002001136774197221,-0.001166174071840942,1.4419436407741446,-1.8116792475993355,2.301321344902329,-2.0561724037023428,-1.5725615669583117,1.441270440587613
0.21181002259254456,0.044615089893341064,-1.7872682809829712,-0.004255080595612526,0.002120017306879163,-0.0010577247012406588,1.4419436407741446,-1.8116792475993355,2.301321344902329,-2.0561724037023428,-1.5725615669583117,1.441270440587613
0.17471320927143097,-0.11424453556537628,-1.6567165851593018,-0.0006343878922052681,0.0010077565675601363,-4.562633330351673e-05,1.4419436407741446,-1.8116792475993355,2.301321344902329,-2.0561724037023428,-1.5725615669583117,1.441270440587613
0.14706410467624664,-0.08003301173448563,-1.646538257598877,-0.0003759734972845763,0.0006612921133637428,-0.00037286157021299005,1.4419530683644035,-1.8116792475993355,2.301321344902329,-2.0561724037023428,-1.5725615669583117,1.441270440587613
0.23788879811763763,0.04276958853006363,-1.5993205308914185,-0.0031203613616526127,0.0026742862537503242,-0.0014880170347169042,1.4419530683644035,-1.8116792475993355,2.301321344902329,-2.0561724037023428,-1.5725615669583117,1.441270440587613
0.23788879811763763,0.04276958853006363,-1.5993205308914185,-0.0031203613616526127,0.0026742862537503242,-0.0014880170347169042,1.4419530683644035,-1.8116792475993355,2.301321344902329,-2.0561724037023428,-1.5725615669583117,1.441270440587613
0.25305965542793274,0.023509375751018524,-1.6048551797866821,-0.0032635482493788004,0.002862997120246291,-0.0013055206509307027,1.4419530683644035,-1.8116792475993355,2.301321344902329,-2.0561724037023428,-1.5725615669583117,1.441270440587613
0.1470232754945755,-0.06970924884080887,-1.591515064239502,-0.001958426320925355,0.0019154753535985947,-0.0011326238745823503,1.4419530683644035,-1.8116792475993355,2.301321344902329,-2.0561724037023428,-1.5725615669583117,1.441270440587613
0.15322443842887878,-0.07723566889762878,-1.5938129425048828,-0.002015964826568961,0.001993598183616996,-0.001060114591382444,1.4419530683644035,-1.8116792475993355,2.301321344902329,-2.0561724037023428,-1.5725615669583117,1.441270440587613
0.07401832193136215,0.07831442356109619,-1.7574506998062134,-0.00255472376011312,0.0014875788474455476,-0.0006354018114507198,1.4419530683644035,-1.8116792475993355,2.301321344902329,-2.0561724037023428,-1.5725615669583117,1.441270440587613
0.07401832193136215,0.07831442356109619,-1.7574506998062134,-0.00255472376011312,0.0014875788474455476,-0.0006354018114507198,1.4419530683644035,-1.8116792475993355,2.301321344902329,-2.0561724037023428,-1.5725615669583117,1.441270440587613
0.06474503129720688,0.08964212238788605,-1.7540218830108643,-0.0024684725794941187,0.0013709599152207375,-0.0007442705682478845,1.4419530683644035,-1.8116792475993355,2.301321344902329,-2.0561724037023428,-1.5725615669583117,1.441270440587613
0.28301572799682617,-0.03842080384492874,-1.7043057680130005,-0.003496511373668909,0.0027915393002331257,-0.0009786878945305943,1.4419530683644035,-1.8116792475993355,2.301321344902329,-2.0561724037023428,-1.5725615669583117,1.441270440587613
0.3049190640449524,-0.06449677050113678,-1.7124741077423096,-0.003698291489854455,0.0030689272098243237,-0.00072563934372738,1.4419530683644035,-1.8116792475993355,2.301321344902329,-2.0561724037023428,-1.5725615669583117,1.441270440587613
0.059863198548555374,-0.14956673979759216,-1.6012122631072998,-0.0014884633710607886,0.000811325793620199,-0.0006918828585185111,1.4419530683644035,-1.8116792475993355,2.301321344902329,-2.0561724037023428,-1.5725615669583117,1.441270440587613
0.08603408932685852,-0.17784500122070312,-1.6112672090530396,-0.00172132917214185,0.0011509566102176905,-0.0004068781272508204,1.4419530683644035,-1.8116792475993355,2.301321344902329,-2.0561724037023428,-1.5725615669583117,1.441270440587613
0.08603408932685852,-0.17784500122070312,-1.6112672090530396,-0.00172132917214185,0.0011509566102176905,-0.0004068781272508204,1.4419530683644035,-1.8116792475993355,2.301321344902329,-2.0561724037023428,-1.5725615669583117,1.441270440587613
0.05548743158578873,-0.08628805726766586,-1.7075753211975098,-0.0031368795316666365,0.0004357145808171481,-0.00012550495739560574,1.4419530683644035,-1.8116792475993355,2.301321344902329,-2.0561724037023428,-1.5725615669583117,1.441270440587613
0.03252148628234863,-0.061633408069610596,-1.698735237121582,-0.0029329899698495865,0.00013721836148761213,-0.00037463949411176145,1.4419530683644035,-1.8116792475993355,2.301321344902329,-2.0561724037023428,-1.5725615669583117,1.441270440587613
0.14666858315467834,-0.08499091118574142,-1.5381920337677002,-0.0025294122751802206,0.002520801965147257,0.0006897360435687006,1.4419530683644035,-1.8116792475993355,2.301321344902329,-2.0561724037023428,-1.5725615669583117,1.441270440587613
0.14666858315467834,-0.08499091118574142,-1.5381920337677002,-0.0025294122751802206,0.002520801965147257,0.0006897360435687006,1.4419530683644035,-1.8116792475993355,2.301321344902329,-2.0561724037023428,-1.5725615669583117,1.441270440587613
0.1402776688337326,-0.07771829515695572,-1.5357742309570312,-0.002471497282385826,0.0024389096070080996,0.0006179257179610431,1.4419530683644035,-1.8116792475993355,2.301321344902329,-2.0561724037023428,-1.5725615669583117,1.441270440587613
0.15945078432559967,-0.11580722033977509,-1.5438268184661865,-0.0027894547674804926,0.0020683901384472847,-0.001264215912669897,1.4419530683644035,-1.8116792475993355,2.301321344902329,-2.0561724037023428,-1.5725615669583117,1.441270440587613
0.1531357616186142,-0.10843309015035629,-1.541456937789917,-0.002731690416112542,0.0019880058243870735,-0.001336305751465261,1.4419530683644035,-1.8116792475993355,2.301321344902329,-2.0561724037023428,-1.5725615669583117,1.441270440587613
-0.049276430159807205,-0.12405068427324295,-1.6808422803878784,-0.0007532771560363472,0.00016859454626683146,-5.986875476082787e-05,1.4419530683644035,-1.8116792475993355,2.301321344902329,-2.0561724037023428,-1.5725615669583117,1.441270440587613
-0.049276430159807205,-0.12405068427324295,-1.6808422803878784,-0.0007532771560363472,0.00016859454626683146,-5.986875476082787e-05,1.4419530683644035,-1.8116792475993355,2.301321344902329,-2.0561724037023428,-1.5725615669583117,1.441270440587613
-0.049276430159807205,-0.12405068427324295,-1.6808422803878784,-0.0007532771560363472,0.00016859454626683146,-5.986875476082787e-05,1.4419530683644035,-1.8116792475993355,2.301321344902329,-2.0561724037023428,-1.5725615669583117,1.441270440587613
0.1233864352107048,-0.13080954551696777,-1.6625734567642212,-0.0013709276681765914,0.0006362264393828809,-0.00014470725727733225,1.4419530683644035,-1.8116792475993355,2.301321344902329,-2.0561724037023428,-1.5725615669583117,1.441270440587613
0.13288742303848267,-0.14183267951011658,-1.666146159172058,-0.001457630773074925,0.0007573685725219548,-3.667724013212137e-05,1.4419530683644035,-1.8116792475993355,2.301321344902329,-2.0561724037023428,-1.5725615669583117,1.441270440587613
0.15689745545387268,0.009458757936954498,-1.4696811437606812,-0.0016010751714929938,0.002210309961810708,0.0002285880473209545,1.4419530683644035,-1.8116792475993355,2.301321344902329,-2.0561724037023428,-1.5725615669583117,1.441270440587613
0.15689745545387268,0.009458757936954498,-1.4696811437606812,-0.0016010751714929938,0.002210309961810708,0.0002285880473209545,1.4419530683644035,-1.8116792475993355,2.301321344902329,-2.0561724037023428,-1.5725615669583117,1.441270440587613
0.17641177773475647,-0.011902225203812122,-1.4771504402160645,-0.0017754985019564629,0.00246277148835361,0.0004427609674166888,1.4419530683644035,-1.8116792475993355,2.301321344902329,-2.0561724037023428,-1.5725615669583117,1.441270440587613
0.1528576910495758,-0.055358171463012695,-1.5288975238800049,-0.002625831635668874,0.0022859564051032066,-0.0001569784653838724,1.4419530683644035,-1.8116792475993355,2.301321344902329,-2.0561724037023428,-1.5725615669583117,1.441270440587613
0.12071332335472107,-0.01924891769886017,-1.5166887044906616,-0.002335879486054182,0.001872725784778595,-0.0005153311649337411,1.4419530683644035,-1.8116792475993355,2.301321344902329,-2.0561724037023428,-1.5725615669583117,1.441270440587613
0.12071332335472107,-0.01924891769886017,-1.5166887044906616,-0.002335879486054182,0.001872725784778595,-0.0005153311649337411,1.4419530683644035,-1.8116792475993355,2.301321344902329,-2.0561724037023428,-1.5725615669583117,1.441270440587613
0.03667603060603142,-0.009328247979283333,-1.452733039855957,-0.0013928479747846723,0.0013328362256288528,9.010918438434601e-05,1.4419530683644035,-1.8116792475993355,2.301321344902329,-2.0561724037023428,-1.5725615669583117,1.441270440587613
0.07547696679830551,-0.052354782819747925,-1.4675276279449463,-0.0017412427114322782,0.0018332359613850713,0.0005192937678657472,1.4419530683644035,-1.8116792475993355,2.301321344902329,-2.0561724037023428,-1.5725615669583117,1.441270440587613
0.1487777829170227,0.07488683611154556,-1.605928659439087,-0.003907790873199701,0.0012390045449137688,-0.00041752145625650883,1.4419530683644035,-1.8116792475993355,2.301321344902329,-2.0561724037023428,-1.5725615669583117,1.441270440587613
0.1258118450641632,0.09954148530960083,-1.5970885753631592,-0.0037039013113826513,0.0009405083255842328,-0.0006666560075245798,1.4419530683644035,-1.8116792475993355,2.301321344902329,-2.0561724037023428,-1.5725615669583117,1.441270440587613
0.1258118450641632,0.09954148530960083,-1.5970885753631592,-0.0037039013113826513,0.0009405083255842328,-0.0006666560075245798,1.4419530683644035,-1.8116792475993355,2.301321344902329,-2.0561724037023428,-1.5725615669583117,1.441270440587613
0.18086577951908112,0.03850874677300453,-1.5198719501495361,-0.004048667848110199,0.0024047289043664932,-6.502168980659917e-05,1.4419530683644035,-1.8116792475993355,2.301321344902329,-2.0561724037023428,-1.5725615669583117,1.441270440587613
0.17130786180496216,0.04945573955774307,-1.5162632465362549,-0.003961851354688406,0.0022824560292065144,-0.00017284203204326332,1.4419530683644035,-1.8116792475993355,2.301321344902329,-2.0561724037023428,-1.5725615669583117,1.441270440587613
0.011342210695147514,0.051770053803920746,-1.6063021421432495,-0.0017735534347593784,-0.00024018262047320604,7.391653343802318e-05,1.4419530683644035,-1.8116792475993355,2.301321344902329,-2.0561724037023428,-1.5725615669583117,1.441270440587613
0.011342210695147514,0.051770053803920746,-1.6063021421432495,-0.0017735534347593784,-0.00024018262047320604,7.391653343802318e-05,1.4419530683644035,-1.8116792475993355,2.301321344902329,-2.0561724037023428,-1.5725615669583117,1.441270440587613
0.01769518293440342,0.0444466806948185,-1.6086959838867188,-0.001831393106840551,-0.00015904426982160658,0.00014586665201932192,1.4419530683644035,-1.8116792475993355,2.301321344902329,-2.0561724037023428,-1.5725615669583117,1.441270440587613
0.15546084940433502,0.042244866490364075,-1.47869873046875,-0.0027949849609285593,0.0017856262857094407,6.531081453431398e-06,1.4419530683644035,-1.8116792475993355,2.301321344902329,-2.0561724037023428,-1.5725615669583117,1.441270440587613
0.16839449107646942,0.027902688831090927,-1.4836301803588867,-0.00291111646220088,0.001952426158823073,0.0001495925971539691,1.4419530683644035,-1.8116792475993355,2.301321344902329,-2.0561724037023428,-1.5725615669583117,1.441270440587613
0.1146632730960846,-0.05911761894822121,-1.4678394794464111,-0.0021753280889242887,0.0013846461661159992,-0.0005302885547280312,1.4419530683644035,-1.8116792475993355,2.301321344902329,-2.0561724037023428,-1.5725615669583117,1.441270440587613
0.09222862869501114,-0.033752307295799255,-1.459335207939148,-0.001972493249922991,0.0010967040434479713,-0.0007813801057636738,1.4419530683644035,-1.8116792475993355,2.301321344902329,-2.0561724037023428,-1.5725615669583117,1.441270440587613
0.09222862869501114,-0.033752307295799255,-1.459335207939148,-0.001972493249922991,0.0010967040434479713,-0.0007813801057636738,1.4419530683644035,-1.8116792475993355,2.301321344902329,-2.0561724037023428,-1.5725615669583117,1.441270440587613
-0.037284281104803085,-0.07222018390893936,-1.433304786682129,-0.001861750497482717,-2.52481950155925e-05,-0.0002326145040569827,1.4419530683644035,-1.8116792475993355,2.301321344902329,-2.0561724037023428,-1.5725615669583117,1.441270440587613
-0.02135441079735756,-0.09046516567468643,-1.4393192529678345,-0.0020064441487193108,0.00017854003817774355,-5.291394336381927e-05,1.4419530683644035,-1.8116792475993355,2.301321344902329,-2.0561724037023428,-1.5725615669583117,1.441270440587613
0.1275177299976349,-0.07263611257076263,-1.4134221076965332,-0.002228732919320464,0.000758033653255552,-0.0005001518875360489,1.4419530683644035,-1.8116792475993355,2.301321344902329,-2.0561724037023428,-1.5725615669583117,1.441270440587613
0.1275177299976349,-0.07263611257076263,-1.4134221076965332,-0.002228732919320464,0.000758033653255552,-0.0005001518875360489,1.4419530683644035,-1.8116792475993355,2.301321344902329,-2.0561724037023428,-1.5725615669583117,1.441270440587613
0.1275177299976349,-0.07263611257076263,-1.4134221076965332,-0.002228732919320464,0.000758033653255552,-0.0005001518875360489,1.4419530683644035,-1.8116792475993355,2.301321344902329,-2.0561724037023428,-1.5725615669583117,1.441270440587613
0.2241460680961609,-0.09063879400491714,-1.5145540237426758,-0.0014625939074903727,0.0018569370731711388,-0.0002067059394903481,1.4419530683644035,-1.8116792475993355,2.301321344902329,-2.0561724037023428,-1.5725615669583117,1.441270440587613
0.20197707414627075,-0.064918152987957,-1.5062177181243896,-0.0012602865463122725,0.0015742720570415258,-0.0004587759613059461,1.4419530683644035,-1.8116792475993355,2.301321344902329,-2.0561724037023428,-1.5725615669583117,1.441270440587613
0.2458454668521881,-0.006716147530823946,-1.3520886898040771,-0.0018217625329270959,0.0016352866077795625,-0.0011090640909969807,1.4419530683644035,-1.8116792475993355,2.301321344902329,-2.0561724037023428,-1.5725615669583117,1.441270440587613
0.24895553290843964,-0.010466666892170906,-1.3532435894012451,-0.001850550645031035,0.0016745364991948009,-0.0010728444904088974,1.4419530683644035,-1.8116792475993355,2.301321344902329,-2.0561724037023428,-1.5725615669583117,1.441270440587613
0.24895553290843964,-0.010466666892170906,-1.3532435894012451,-0.001850550645031035,0.0016745364991948009,-0.0010728444904088974,1.4419530683644035,-1.8116792475993355,2.301321344902329,-2.0561724037023428,-1.5725615669583117,1.441270440587613
0.030941223725676537,-0.029369857162237167,-1.3017610311508179,-0.002389302011579275,0.0002998144191224128,-0.0009839716367423534,1.4419530683644035,-1.8116792475993355,2.301321344902329,-2.0561724037023428,-1.5725615669583117,1.441270440587613
0.046776216477155685,-0.04774174466729164,-1.3077155351638794,-0.0025338074192404747,0.0005017179646529257,-0.0008039215463213623,1.4419530683644035,-1.8116792475993355,2.301321344902329,-2.0561724037023428,-1.5725615669583117,1.441270440587613
0.1927143931388855,0.0707903578877449,-1.368882656097412,-0.0021469490602612495,0.0008705140789970756,0.0018270540749654174,1.4419530683644035,-1.8116792475993355,2.301321344902329,-2.0561724037023428,-1.5725615669583117,1.441270440587613
0.1991812139749527,0.06361927092075348,-1.3713483810424805,-0.0022050149273127317,0.0009539140155538917,0.0018985847709700465,1.4419530683644035,-1.8116792475993355,2.301321344902329,-2.0561724037023428,-1.5725615669583117,1.441270440587613
0.1991812139749527,0.06361927092075348,-1.3713483810424805,-0.0022050149273127317,0.0009539140155538917,0.0018985847709700465,1.4419530683644035,-1.8116792475993355,2.301321344902329,-2.0561724037023428,-1.5725615669583117,1.441270440587613
0.01559798326343298,-0.021655945107340813,-1.3775570392608643,-0.0012811203487217426,0.00021966236818116158,-0.000447215570602566,1.4419530683644035,-1.8116792475993355,2.301321344902329,-2.0561724037023428,-1.5725615669583117,1.441270440587613
0.002740237396210432,-0.007212243974208832,-1.372673511505127,-0.001165139488875866,5.437017171061598e-05,-0.0005905566504225135,1.4419530683644035,-1.8116792475993355,2.301321344902329,-2.0561724037023428,-1.5725615669583117,1.441270440587613
0.1137850284576416,-0.03333277627825737,-1.2990964651107788,-0.0020617367699742317,0.0015603017527610064,-5.5950298701645806e-05,1.4419624959546624,-1.8116792475993355,2.301321344902329,-2.0561724037023428,-1.5725615669583117,1.441270440587613
0.1331854909658432,-0.05484604462981224,-1.3064937591552734,-0.0022359341382980347,0.0018105015624314547,0.00015864198212511837,1.4419624959546624,-1.8116792475993355,2.301321344902329,-2.0561724037023428,-1.5725615669583117,1.441270440587613
0.1331854909658432,-0.05484604462981224,-1.3064937591552734,-0.0022359341382980347,0.0018105015624314547,0.00015864198212511837,1.4419624959546624,-1.8116792475993355,2.301321344902329,-2.0561724037023428,-1.5725615669583117,1.441270440587613
0.037946153432130814,-0.034019164741039276,-1.3793755769729614,-0.001495996373705566,0.0019010099349543452,-0.0007614917703904212,1.4419624959546624,-1.8116792475993355,2.301321344902329,-2.0561724037023428,-1.5725615669583117,1.441270440587613
0.03155523166060448,-0.02674655243754387,-1.3769577741622925,-0.0014380812644958496,0.0018191178096458316,-0.0008333020959980786,1.4419624959546624,-1.8116792475993355,2.301321344902329,-2.0561724037023428,-1.5725615669583117,1.441270440587613
0.09336080402135849,0.06859996914863586,-1.1967123746871948,-0.0027759659569710493,0.0015493333339691162,-0.00022417267609853297,1.4419624959546624,-1.8116792475993355,2.301321344902329,-2.0561724037023428,-1.5725615669583117,1.441270440587613
0.07159028947353363,0.09485360234975815,-1.1886279582977295,-0.0025744496379047632,0.0012745839776471257,-0.0004777104768436402,1.4419624959546624,-1.8116792475993355,2.301321344902329,-2.0561724037023428,-1.5725615669583117,1.441270440587613
0.03138548508286476,0.043132852762937546,-1.4418847560882568,-0.0018453702796250582,0.00032594200456514955,-0.001585687045007944,1.4419624959546624,-1.8116792475993355,2.301321344902329,-2.0561724037023428,-1.5725615669583117,1.441270440587613
0.03138548508286476,0.043132852762937546,-1.4418847560882568,-0.0018453702796250582,0.00032594200456514955,-0.001585687045007944,1.4419624959546624,-1.8116792475993355,2.301321344902329,-2.0561724037023428,-1.5725615669583117,1.441270440587613
0.0692756175994873,-0.0011119607370346785,-1.4561035633087158,-0.002191956853494048,0.0008082489366643131,-0.0011531475465744734,1.4419624959546624,-1.8116792475993355,2.301321344902329,-2.0561724037023428,-1.5725615669583117,1.441270440587613
0.11733178049325943,-0.11826669424772263,-1.2378504276275635,-0.0015179248293861747,0.0011155515676364303,0.0005459080566652119,1.4419624959546624,-1.8116792475993355,2.301321344902329,-2.0561724037023428,-1.5725615669583117,1.441270440587613
0.10439813882112503,-0.10392451286315918,-1.2329189777374268,-0.001401793211698532,0.0009487516363151371,0.00040284651913680136,1.4419624959546624,-1.8116792475993355,2.301321344902329,-2.0561724037023428,-1.5725615669583117,1.441270440587613
0.004647429566830397,-0.03933638706803322,-1.439000129699707,-0.0022909806575626135,0.00046327325981110334,-0.0002975920506287366,1.4419624959546624,-1.8116792475993355,2.301321344902329,-2.0561724037023428,-1.5725615669583117,1.441270440587613
0.004647429566830397,-0.03933638706803322,-1.439000129699707,-0.0022909806575626135,0.00046327325981110334,-0.0002975920506287366,1.4419624959546624,-1.8116792475993355,2.301321344902329,-2.0561724037023428,-1.5725615669583117,1.441270440587613
0.00785237830132246,-0.04296000301837921,-1.440214991569519,-0.0023199571296572685,0.0005044078570790589,-0.00026172184152528644,1.4419624959546624,-1.8116792475993355,2.301321344902329,-2.0561724037023428,-1.5725615669583117,1.441270440587613
0.09926419705152512,-0.07646927237510681,-1.3100898265838623,-0.0012701342348009348,0.001075363950803876,9.476239210925996e-05,1.4419624959546624,-1.8116792475993355,2.301321344902329,-2.0561724037023428,-1.5725615669583117,1.441270440587613
0.07722803205251694,-0.05057096481323242,-1.3018375635147095,-0.0010680905543267727,0.0007953374297358096,-0.0001577968942001462,1.4419624959546624,-1.8116792475993355,2.301321344902329,-2.0561724037023428,-1.5725615669583117,1.441270440587613
0.046857088804244995,-0.1899043172597885,-1.1772472858428955,-0.00062348204664886,0.00017397914780303836,-0.0008923984714783728,1.4419624959546624,-1.8116792475993355,2.301321344902329,-2.0561724037023428,-1.5725615669583117,1.441270440587613
0.046857088804244995,-0.1899043172597885,-1.1772472858428955,-0.00062348204664886,0.00017397914780303836,-0.0008923984714783728,1.4419624959546624,-1.8116792475993355,2.301321344902329,-2.0561724037023428,-1.5725615669583117,1.441270440587613
0.07862195372581482,-0.22652117908000946,-1.1892162561416626,-0.0009126808727160096,0.0005796709447167814,-0.0005326478858478367,1.4419624959546624,-1.8116792475993355,2.301321344902329,-2.0561724037023428,-1.5725615669583117,1.441270440587613
0.21506482362747192,-0.055443499237298965,-1.3179335594177246,-0.0027899378910660744,0.001896583242341876,0.00018293227185495198,1.4419624959546624,-1.8116792475993355,2.301321344902329,-2.0561724037023428,-1.5725615669583117,1.441270440587613
0.19894519448280334,-0.037452325224876404,-1.311799168586731,-0.0026448676362633705,0.001689025666564703,3.930639195459662e-06,1.4419624959546624,-1.8116792475993355,2.301321344902329,-2.0561724037023428,-1.5725615669583117,1.441270440587613
0.19894519448280334,-0.037452325224876404,-1.311799168586731,-0.0026448676362633705,0.001689025666564703,3.930639195459662e-06,1.4419624959546624,-1.8116792475993355,2.301321344902329,-2.0561724037023428,-1.5725615669583117,1.441270440587613
0.24452273547649384,-0.04051060602068901,-1.266993761062622,-0.0016166837885975838,0.002206368139013648,-0.0004920954233966768,1.4419624959546624,-1.8116792475993355,2.301321344902329,-2.0561724037023428,-1.5725615669583117,1.441270440587613
0.2606423497200012,-0.05850178375840187,-1.2731281518936157,-0.0017617540434002876,0.002413925714790821,-0.00031309379846788943,1.4419624959546624,-1.8116792475993355,2.301321344902329,-2.0561724037023428,-1.5725615669583117,1.441270440587613
0.17884449660778046,-0.06947117298841476,-1.1983108520507812,-0.0015691162552684546,0.0007484928937628865,-0.0005924783181399107,1.4419624959546624,-1.8116792475993355,2.301321344902329,-2.0561724037023428,-1.5725615669583117,1.441270440587613
0.16591085493564606,-0.05512899160385132,-1.193379282951355,-0.0014529847539961338,0.0005816929624415934,-0.0007355398847721517,1.4419624959546624,-1.8116792475993355,2.301321344902329,-2.0561724037023428,-1.5725615669583117,1.441270440587613
0.16591085493564606,-0.05512899160385132,-1.193379282951355,-0.0014529847539961338,0.0005816929624415934,-0.0007355398847721517,1.4419624959546624,-1.8116792475993355,2.301321344902329,-2.0561724037023428,-1.5725615669583117,1.441270440587613
0.22313711047172546,0.0660572499036789,-1.2767200469970703,-0.002134510315954685,0.002410079585388303,0.0003920457966160029,1.4419624959546624,-1.8116792475993355,2.301321344902329,-2.0561724037023428,-1.5725615669583117,1.441270440587613
0.23935161530971527,0.04819297790527344,-1.282914400100708,-0.002279768930748105,0.002619521925225854,0.0005706979427486658,1.4419624959546624,-1.8116792475993355,2.301321344902329,-2.0561724037023428,-1.5725615669583117,1.441270440587613
0.13085989654064178,-0.1193879023194313,-1.2203233242034912,-0.0019432210829108953,0.0019467925885692239,-0.0012021353468298912,1.4419624959546624,-1.8116792475993355,2.301321344902329,-2.0561724037023428,-1.5725615669583117,1.441270440587613
0.0989052802324295,-0.08302484452724457,-1.2082343101501465,-0.0016536455368623137,0.0015373313799500465,-0.0015611869748681784,1.4419624959546624,-1.8116792475993355,2.301321344902329,-2.0561724037023428,-1.5725615669583117,1.441270440587613
0.0989052802324295,-0.08302484452724457,-1.2082343101501465,-0.0016536455368623137,0.0015373313799500465,-0.0015611869748681784,1.4419624959546624,-1.8116792475993355,2.301321344902329,-2.0561724037023428,-1.5725615669583117,1.441270440587613
0.0767330750823021,0.06780022382736206,-1.157150149345398,-0.002136188792064786,0.00100086466409266,-0.00010526813275646418,1.4419624959546624,-1.8116792475993355,2.301321344902329,-2.0561724037023428,-1.5725615669583117,1.441270440587613
0.07056985795497894,0.07537740468978882,-1.1548763513565063,-0.00207872549071908,0.0009234955650754273,-0.00017791717255022377,1.4419624959546624,-1.8116792475993355,2.301321344902329,-2.0561724037023428,-1.5725615669583117,1.441270440587613
0.0777311846613884,0.04380658268928528,-1.2785111665725708,-0.0016799620352685452,0.000845273258164525,-0.0009696854976937175,1.4419624959546624,-1.8116792475993355,2.301321344902329,-2.0561724037023428,-1.5725615669583117,1.441270440587613
0.09013353288173676,0.028753742575645447,-1.283106803894043,-0.0017950389301404357,0.0010015190346166492,-0.0008246669895015657,1.4419624959546624,-1.8116792475993355,2.301321344902329,-2.0561724037023428,-1.5725615669583117,1.441270440587613
0.09013353288173676,0.028753742575645447,-1.283106803894043,-0.0017950389301404357,0.0010015190346166492,-0.0008246669895015657,1.4419624959546624,-1.8116792475993355,2.301321344902329,-2.0561724037023428,-1.5725615669583117,1.441270440587613
0.040753815323114395,0.03282994404435158,-1.2242237329483032,-0.0024152451660484076,0.0014042663387954235,-0.0014305274235084653,1.4419624959546624,-1.8116792475993355,2.301321344902329,-2.0561724037023428,-1.5725615669583117,1.441270440587613
0.059926584362983704,0.011012108996510506,-1.23147714138031,-0.0025889903772622347,0.00164994306396693,-0.001215096446685493,1.4419624959546624,-1.8116792475993355,2.301321344902329,-2.0561724037023428,-1.5725615669583117,1.441270440587613
0.06998620927333832,-0.1261693388223648,-1.2709226608276367,-0.0007705474272370338,0.0010466505773365498,0.00016468882677145302,1.4419624959546624,-1.8116792475993355,2.301321344902329,-2.0561724037023428,-1.5725615669583117,1.441270440587613
0.06031443551182747,-0.11537463963031769,-1.2672420740127563,-0.0006835052627138793,0.0009221160435117781,5.7287852541776374e-05,1.4419624959546624,-1.8116792475993355,2.301321344902329,-2.0561724037023428,-1.5725615669583117,1.441270440587613
0.06031443551182747,-0.11537463963031769,-1.2672420740127563,-0.0006835052627138793,0.0009221160435117781,5.7287852541776374e-05,1.4419624959546624,-1.8116792475993355,2.301321344902329,-2.0561724037023428,-1.5725615669583117,1.441270440587613
-0.018459029495716095,-0.2861754298210144,-1.2244058847427368,0.00024860858684405684,-9.536767902318388e-05,-0.0011546231107786298,1.4419624959546624,-1.8116792475993355,2.301321344902329,-2.0561724037023428,-1.5725615669583117,1.441270440587613
-0.02481200359761715,-0.27885204553604126,-1.2220120429992676,0.0003064483462367207,-0.00017650604422669858,-0.0012265732511878014,1.4419624959546624,-1.8116792475993355,2.301321344902329,-2.0561724037023428,-1.5725615669583117,1.441270440587613
0.10226330906152725,-0.08163195103406906,-1.2267093658447266,-0.0023542819544672966,0.0017019726801663637,-0.0011657424038276076,1.4419624959546624,-1.8116792475993355,2.301321344902329,-2.0561724037023428,-1.5725615669583117,1.441270440587613
0.11182122677564621,-0.0925789475440979,-1.2303179502487183,-0.002441098215058446,0.0018242456717416644,-0.0010579220252111554,1.4419624959546624,-1.8116792475993355,2.301321344902329,-2.0561724037023428,-1.5725615669583117,1.441270440587613
0.11182122677564621,-0.0925789475440979,-1.2303179502487183,-0.002441098215058446,0.0018242456717416644,-0.0010579220252111554,1.4419624959546624,-1.8116792475993355,2.301321344902329,-2.0561724037023428,-1.5725615669583117,1.441270440587613
0.03944433853030205,0.04799436032772064,-1.1877517700195312,-0.002706308150663972,0.001958522479981184,-0.00020892346219625324,1.4419624959546624,-1.8116792475993355,2.301321344902329,-2.0561724037023428,-1.5725615669583117,1.441270440587613
0.049173034727573395,0.03727579861879349,-1.191468358039856,-0.0027934634126722813,0.0020841876976191998,-0.00010173216287512332,1.4419624959546624,-1.8116792475993355,2.301321344902329,-2.0561724037023428,-1.5725615669583117,1.441270440587613
-0.020395830273628235,-0.06302433460950851,-1.2316246032714844,-0.001920956070534885,0.0008875351632013917,-0.0003109446552116424,1.4419624959546624,-1.8116792475993355,2.301321344902329,-2.0561724037023428,-1.5725615669583117,1.441270440587613
